100,19.0472,15.6695
200,33.1501,15.8051
300,36.0896,20.7075
400,35.6003,18.0944
500,40.2023,22.0534
600,29.5425,11.6832
700,31.3824,19.7211
800,36.1602,17.5051
900,39.6714,22.7066
1000,33.3921,17.8827
1100,39.0905,19.3722
1200,30.6821,17.6140
1300,47.3155,21.8553
1400,42.0125,22.2506
1500,34.3750,18.9773
1600,43.1128,23.3410
1700,33.0763,15.4318
1800,35.8167,15.2769
1900,46.1197,21.2346
2000,36.6230,18.6609
2100,31.0282,14.3102
2200,55.0477,25.5282
2300,46.2959,21.0826
2400,42.6356,25.0215
2500,43.6249,23.0601
2600,52.9202,30.2873
2700,50.3397,27.8849
2800,44.3338,18.0571
2900,34.3629,15.2874
3000,35.5141,19.2268
3100,37.4198,14.9250
3200,43.2575,20.8071
3300,38.4853,18.7386
3400,51.6114,22.6927
3500,46.2821,21.3337
3600,53.1374,27.2852
3700,44.7551,26.1901
3800,51.9668,27.5531
3900,50.0133,24.9391
4000,52.2404,25.5672
4100,45.3360,22.6359
4200,46.4258,21.9689
4300,45.7930,23.5864
4400,44.5873,18.7514
4500,43.1614,19.7195
4600,49.3668,25.3120
4700,40.2258,26.0893
4800,37.5572,22.3227
4900,36.6542,23.8379
5000,45.0971,23.3146
5100,39.3464,24.1477
5200,46.7536,18.6083
5300,49.4604,22.1318
5400,48.7999,26.7957
5500,34.0067,17.2698
5600,37.1575,17.3215
5700,52.6367,27.4210
5800,53.1164,25.2546
5900,51.6800,21.2332
6000,51.5194,26.2916
6100,54.8478,25.2854
6200,54.9276,25.5213
6300,41.0767,19.8712
6400,37.9146,23.2357
6500,66.1375,27.5861
6600,50.1158,24.7946
6700,43.3935,22.9659
6800,56.2060,27.6013
6900,55.2570,24.5536
7000,58.8874,28.5680
7100,47.7192,22.8510
7200,54.9347,24.7193
7300,60.4324,32.7291
7400,48.7752,25.5065
7500,49.3450,28.3456
7600,48.0554,25.0506
7700,54.3743,29.7310
7800,59.9876,30.4551
7900,36.0308,17.0083
8000,59.8152,27.1657
8100,50.8799,22.1157
8200,47.1526,23.1802
8300,57.9128,31.3008
8400,59.8360,29.6553
8500,68.1993,34.0577
8600,45.1509,19.8250
8700,57.2162,27.3308
8800,51.9367,25.6054
8900,60.4408,32.7041
9000,58.6218,29.3068
9100,51.6762,24.5127
9200,48.5179,23.2098
9300,51.4624,24.8559
9400,63.2891,28.8078
9500,48.4379,21.3853
9600,45.8158,25.6059
9700,44.7200,20.9559
9800,48.5479,24.1688
9900,42.1217,17.8621
10000,51.9151,29.7333
10100,60.2132,25.3898
10200,65.9843,29.0158
10300,63.3668,30.3287
10400,60.5040,28.4549
10500,60.7460,29.5117
10600,70.7458,32.9883
10700,64.5715,28.3997
10800,51.9231,22.0512
10900,58.9966,26.5355
11000,64.1954,29.7729
11100,49.8466,30.2925
11200,61.5405,29.2873
11300,64.1861,26.8820
11400,70.2639,34.9948
11500,62.6261,36.4510
11600,63.6561,29.7934
11700,73.2543,33.9836
11800,75.7999,33.7559
11900,71.9974,36.6270
12000,65.2273,33.1039
12100,61.5436,27.5433
12200,68.1989,27.9286
12300,61.3760,27.8783
12400,67.4038,33.2347
12500,67.9816,29.8803
12600,69.0567,31.2684
12700,69.3249,37.4838
12800,65.4548,36.5232
12900,58.0185,23.9641
13000,62.3066,27.8594
13100,69.5246,36.7172
13200,77.5698,33.3608
13300,53.1712,25.2648
13400,61.7023,27.6787
13500,54.3907,27.6612
13600,73.0205,31.5502
13700,62.5132,31.6075
13800,80.7500,35.8345
13900,80.6965,40.6925
14000,65.4022,30.0093
14100,78.7586,36.8657
14200,69.5180,35.5791
14300,55.8254,37.1677
14400,57.4808,28.1011
14500,74.7951,38.0590
14600,61.8925,33.3087
14700,62.1019,32.8029
14800,76.6764,36.2533
14900,74.8696,33.3532
15000,53.6636,27.9532
15100,85.5644,34.7204
15200,73.1462,33.8718
15300,67.8207,35.5696
15400,78.3926,33.2968
15500,71.4551,34.0461
15600,79.1565,42.2305
15700,75.9303,35.6802
15800,76.0468,52.2992
15900,81.2223,42.1592
16000,81.5934,41.8435
16100,78.2545,36.3854
16200,66.3275,32.2389
16300,79.5723,36.1621
16400,80.8910,37.4162
16500,79.3218,43.6938
16600,71.0144,35.2220
16700,77.9049,39.2249
16800,68.7614,32.8812
16900,79.8501,37.5573
17000,86.6613,41.6189
17100,79.2812,38.2482
17200,90.8370,32.9126
17300,72.3176,37.4207
17400,78.9414,39.0172
17500,87.2102,29.3296
17600,97.7870,44.0360
17700,104.7444,37.0147
17800,92.7831,36.7026
17900,103.0684,37.2116
18000,98.2801,38.5180
18100,80.2262,29.9297
18200,99.6187,35.7774
18300,110.2920,43.6079
18400,105.9699,36.3598
18500,91.9502,36.3119
18600,99.3774,42.3055
18700,98.2046,37.0758
18800,81.4068,36.3028
18900,93.0712,42.1242
19000,104.5708,40.0714
19100,94.4954,40.1623
19200,98.1340,36.3038
19300,107.3003,39.0019
19400,97.2846,44.2472
19500,107.6804,37.7824
19600,99.9407,41.6108
19700,110.8118,39.1621
19800,94.2677,35.6733
19900,100.6912,43.5436
20000,100.2492,36.4605
20100,108.3411,40.3172
20200,100.5729,42.1826
20300,104.9339,40.4640
20400,112.9642,35.5070
20500,117.2358,43.3081
20600,115.7148,40.5227
20700,108.8567,44.1695
20800,114.4088,44.0464
20900,104.9343,42.4915
21000,120.5789,40.8534
21100,98.6406,41.1422
21200,121.3689,40.8192
21300,128.6959,35.4950
21400,109.4505,41.0602
21500,123.3070,38.1933
21600,121.7761,39.9768
21700,87.2817,31.4723
21800,116.9860,41.2519
21900,112.7567,37.9737
22000,112.3240,36.8977
22100,121.1534,42.9195
22200,110.5611,31.3286
22300,120.8450,39.2730
22400,124.5795,35.2940
22500,114.0951,33.2616
22600,117.6794,35.8071
22700,123.2074,39.0196
22800,129.0501,40.6792
22900,116.4803,43.8796
23000,132.1143,33.7720
23100,100.0585,34.5036
23200,123.1895,35.7004
23300,126.2224,37.2920
23400,117.6411,39.8716
23500,126.2860,33.7226
23600,124.6965,47.4088
23700,100.2935,40.6060
23800,117.6909,39.0441
23900,131.5508,37.0431
24000,121.2965,41.3379
24100,115.2738,40.3599
24200,115.6955,37.5727
24300,124.4795,40.1220
24400,118.9122,34.0166
24500,129.9980,35.5406
24600,116.0240,41.3878
24700,125.7410,43.2232
24800,126.3680,38.0573
24900,127.1341,37.9861
25000,123.5226,40.5248
25100,129.1790,36.0873
25200,114.2310,32.9968
25300,110.3813,36.7222
25400,126.5988,39.4615
25500,131.2015,36.4714
25600,133.4989,38.9767
25700,136.7075,41.8937
25800,126.1357,43.6805
25900,135.8685,40.0597
26000,129.1295,37.0037
26100,133.8210,38.7306
26200,122.3892,40.2110
26300,124.6117,36.3999
26400,113.2852,39.7796
26500,123.8773,40.5462
26600,133.9121,41.5075
26700,130.4208,45.6300
26800,93.7772,39.1008
26900,134.6373,37.7452
27000,145.1651,33.1938
27100,131.2119,37.5715
27200,140.9441,40.0253
27300,138.5203,39.4781
27400,136.1524,39.4318
27500,126.7455,41.0491
27600,133.3409,37.8226
27700,135.8475,43.1082
27800,139.2961,42.1512
27900,140.1653,36.3550
28000,130.0814,41.2695
28100,135.8746,38.6875
28200,124.8590,43.9380
28300,138.4630,39.6666
28400,134.9943,35.1674
28500,137.7386,43.0357
28600,138.3388,40.5851
28700,139.8747,38.5916
28800,138.6094,37.7397
28900,139.0850,44.5420
29000,140.2742,43.7371
29100,135.7936,41.3654
29200,142.9490,35.0647
29300,144.5471,35.5536
29400,139.8971,40.5049
29500,139.4666,39.9238
29600,141.1976,40.7144
29700,145.9284,39.6033
29800,144.9431,38.3961
29900,148.8093,37.2967
